0335532551
0389899558
0347396903
0865964707
0919457835
0347927924
0369832496
0977155550
0704889930
0932776632
0907930124
0968651247
0369207989
0971706345
0907911908
0971835300
0877703707
0919804412
0373180477
0378841474
0918119195
0977744784
0378841718
0976376776
0834727332
0941234338
0913121348
0948662096
0939480070
0919564298
0939309865
0907990145
0817526526
0907760094
0989208707
0939790966
0983404049
0987856040
0783946839
0966545454
0982989230
0908414739
0834513393
0794444455
0907227157
0906905890
0947999568
0944700600
0907665138
0919630035
0948886063
0387656959
0961404229
0979858409
0907347769
0906205900
0919321458
0918049135
0973311152
0977560731
0907207075
0359827063
0987288140
0398581166
0961454568
0898479770
0886602429
0938107253
0908025956
0858171426
0916688002
0939612336
0913968139
0913000484
0917859900
0906991125
0939855732
0973882949
0939494937
0913793093
0798757799
0909958634
0917186327
0913735819
0386927332
0988821340
0982793858
0947994167
0919764313
0979909094
0919497879
0919269692
0918169989
0906634444
0976987106
0946279778
0373745130
0939040406
0942495739
0907508379
0979862105
0399074449
0945393984
0916314251
0976929885
0355275273
0918813559
0918617141
0357571916
0918186783
0363891490
0989373344
0354206766
0983108739
0919453952
0932946363
0919617080
0377980978
0983937346
0909343222
0917100971
0767875377
0989006049
0933511020
0983229484
0919501097
0913628126
0913656169
0908884399
0777050940
0909254112
0977688390
0907031777
0947742574
0919655686
0939008089
0987070713
0942713535
0886487868
0988055823
0908110655
0392939123
0903785490
0948300268
0938573367
0944285519
0988212681
0932777157
